# Blender 4.2.2 LTS
# www.blender.org
mtllib Coast.mtl
o Cube
v 0.157246 5.781845 -1.000000
v 1.821308 -5.489745 -1.000000
v 0.157246 5.781845 1.000000
v 1.821308 -5.489745 1.000000
v -1.821308 5.489745 -1.000000
v -0.157246 -5.781845 -1.000000
v -1.821308 5.489745 1.000000
v -0.157246 -5.781845 1.000000
vn -0.1461 0.9893 -0.0000
vn -0.0000 -0.0000 1.0000
vn -0.9893 -0.1461 -0.0000
vn 0.1461 -0.9893 -0.0000
vn 0.9893 0.1461 -0.0000
vn -0.0000 -0.0000 -1.0000
vt 0.625000 0.500000
vt 0.875000 0.500000
vt 0.875000 0.750000
vt 0.625000 0.750000
vt 0.375000 0.750000
vt 0.625000 1.000000
vt 0.375000 1.000000
vt 0.375000 0.000000
vt 0.625000 0.000000
vt 0.625000 0.250000
vt 0.375000 0.250000
vt 0.125000 0.500000
vt 0.375000 0.500000
vt 0.125000 0.750000
s 0
usemtl Material
f 1/1/1 5/2/1 7/3/1 3/4/1
f 4/5/2 3/4/2 7/6/2 8/7/2
f 8/8/3 7/9/3 5/10/3 6/11/3
f 6/12/4 2/13/4 4/5/4 8/14/4
f 2/13/5 1/1/5 3/4/5 4/5/5
f 6/11/6 5/10/6 1/1/6 2/13/6
o Cube.001
v 2.725746 0.915038 -0.008196
v 2.976191 -6.337967 -0.008196
v 2.725746 0.915038 1.991804
v 2.976191 -6.337967 1.991804
v 0.752122 0.846889 -0.008196
v 1.002567 -6.406116 -0.008196
v 0.752122 0.846889 1.991804
v 1.002567 -6.406116 1.991804
vn -0.0345 0.9994 -0.0000
vn -0.0000 -0.0000 1.0000
vn -0.9994 -0.0345 -0.0000
vn 0.0345 -0.9994 -0.0000
vn 0.9994 0.0345 -0.0000
vn -0.0000 -0.0000 -1.0000
vt 0.625000 0.500000
vt 0.875000 0.500000
vt 0.875000 0.750000
vt 0.625000 0.750000
vt 0.375000 0.750000
vt 0.625000 1.000000
vt 0.375000 1.000000
vt 0.375000 0.000000
vt 0.625000 0.000000
vt 0.625000 0.250000
vt 0.375000 0.250000
vt 0.125000 0.500000
vt 0.375000 0.500000
vt 0.125000 0.750000
s 0
usemtl Material
f 9/15/7 13/16/7 15/17/7 11/18/7
f 12/19/8 11/18/8 15/20/8 16/21/8
f 16/22/9 15/23/9 13/24/9 14/25/9
f 14/26/10 10/27/10 12/19/10 16/28/10
f 10/27/11 9/15/11 11/18/11 12/19/11
f 14/25/12 13/24/12 9/15/12 10/27/12
o Cube.002
v 0.211473 1.331825 -2.615223
v 1.204609 -5.395221 -2.615223
v 0.211473 1.331825 -0.615223
v 1.204609 -5.395221 -0.615223
v -1.753151 1.041781 -2.615223
v -0.760015 -5.685265 -2.615223
v -1.753151 1.041781 -0.615223
v -0.760015 -5.685265 -0.615223
vn -0.1461 0.9893 -0.0000
vn -0.0000 -0.0000 1.0000
vn -0.9893 -0.1461 -0.0000
vn 0.1461 -0.9893 -0.0000
vn 0.9893 0.1461 -0.0000
vn -0.0000 -0.0000 -1.0000
vt 0.625000 0.500000
vt 0.875000 0.500000
vt 0.875000 0.750000
vt 0.625000 0.750000
vt 0.375000 0.750000
vt 0.625000 1.000000
vt 0.375000 1.000000
vt 0.375000 0.000000
vt 0.625000 0.000000
vt 0.625000 0.250000
vt 0.375000 0.250000
vt 0.125000 0.500000
vt 0.375000 0.500000
vt 0.125000 0.750000
s 0
usemtl Material
f 17/29/13 21/30/13 23/31/13 19/32/13
f 20/33/14 19/32/14 23/34/14 24/35/14
f 24/36/15 23/37/15 21/38/15 22/39/15
f 22/40/16 18/41/16 20/33/16 24/42/16
f 18/41/17 17/29/17 19/32/17 20/33/17
f 22/39/18 21/38/18 17/29/18 18/41/18
o Cube.003
v 1.978264 2.464421 -5.043967
v 2.494861 -6.673341 -5.043967
v 1.978264 2.464421 -2.465403
v 2.494861 -6.673341 -2.465403
v -0.578062 2.319901 -5.043967
v -0.061465 -6.817861 -5.043967
v -0.578062 2.319901 -2.465403
v -0.061465 -6.817861 -2.465403
vn -0.0564 0.9984 -0.0000
vn -0.0000 -0.0000 1.0000
vn -0.9984 -0.0564 -0.0000
vn 0.0564 -0.9984 -0.0000
vn 0.9984 0.0564 -0.0000
vn -0.0000 -0.0000 -1.0000
vt 0.625000 0.500000
vt 0.875000 0.500000
vt 0.875000 0.750000
vt 0.625000 0.750000
vt 0.375000 0.750000
vt 0.625000 1.000000
vt 0.375000 1.000000
vt 0.375000 0.000000
vt 0.625000 0.000000
vt 0.625000 0.250000
vt 0.375000 0.250000
vt 0.125000 0.500000
vt 0.375000 0.500000
vt 0.125000 0.750000
s 0
usemtl Material
f 25/43/19 29/44/19 31/45/19 27/46/19
f 28/47/20 27/46/20 31/48/20 32/49/20
f 32/50/21 31/51/21 29/52/21 30/53/21
f 30/54/22 26/55/22 28/47/22 32/56/22
f 26/55/23 25/43/23 27/46/23 28/47/23
f 30/53/24 29/52/24 25/43/24 26/55/24
o Cube.004
v 0.196533 4.254606 -5.675728
v 1.770655 -6.407773 -5.675728
v 0.196533 4.254606 -3.438573
v 1.770655 -6.407773 -3.438573
v -2.001051 3.930170 -5.675728
v -0.426929 -6.732209 -5.675728
v -2.001051 3.930170 -3.438573
v -0.426929 -6.732209 -3.438573
vn -0.1461 0.9893 -0.0000
vn -0.0000 -0.0000 1.0000
vn -0.9893 -0.1461 -0.0000
vn 0.1461 -0.9893 -0.0000
vn 0.9893 0.1461 -0.0000
vn -0.0000 -0.0000 -1.0000
vt 0.625000 0.500000
vt 0.875000 0.500000
vt 0.875000 0.750000
vt 0.625000 0.750000
vt 0.375000 0.750000
vt 0.625000 1.000000
vt 0.375000 1.000000
vt 0.375000 0.000000
vt 0.625000 0.000000
vt 0.625000 0.250000
vt 0.375000 0.250000
vt 0.125000 0.500000
vt 0.375000 0.500000
vt 0.125000 0.750000
s 0
usemtl Material
f 33/57/25 37/58/25 39/59/25 35/60/25
f 36/61/26 35/60/26 39/62/26 40/63/26
f 40/64/27 39/65/27 37/66/27 38/67/27
f 38/68/28 34/69/28 36/61/28 40/70/28
f 34/69/29 33/57/29 35/60/29 36/61/29
f 38/67/30 37/66/30 33/57/30 34/69/30
o Cube.005
v 1.571661 1.331825 -7.999300
v 2.564797 -5.395221 -7.999300
v 1.571661 1.331825 -5.999300
v 2.564797 -5.395221 -5.999300
v -0.392963 1.041781 -7.999300
v 0.600173 -5.685265 -7.999300
v -0.392963 1.041781 -5.999300
v 0.600173 -5.685265 -5.999300
vn -0.1461 0.9893 -0.0000
vn -0.0000 -0.0000 1.0000
vn -0.9893 -0.1461 -0.0000
vn 0.1461 -0.9893 -0.0000
vn 0.9893 0.1461 -0.0000
vn -0.0000 -0.0000 -1.0000
vt 0.625000 0.500000
vt 0.875000 0.500000
vt 0.875000 0.750000
vt 0.625000 0.750000
vt 0.375000 0.750000
vt 0.625000 1.000000
vt 0.375000 1.000000
vt 0.375000 0.000000
vt 0.625000 0.000000
vt 0.625000 0.250000
vt 0.375000 0.250000
vt 0.125000 0.500000
vt 0.375000 0.500000
vt 0.125000 0.750000
s 0
usemtl Material
f 41/71/31 45/72/31 47/73/31 43/74/31
f 44/75/32 43/74/32 47/76/32 48/77/32
f 48/78/33 47/79/33 45/80/33 46/81/33
f 46/82/34 42/83/34 44/75/34 48/84/34
f 42/83/35 41/71/35 43/74/35 44/75/35
f 46/81/36 45/80/36 41/71/36 42/83/36
o Cube.006
v 0.631888 2.242580 -10.178918
v 1.904117 -6.374916 -10.178918
v 0.631888 2.242580 -7.616874
v 1.904117 -6.374916 -7.616874
v -1.884838 1.871027 -10.178918
v -0.612609 -6.746468 -10.178918
v -1.884838 1.871027 -7.616874
v -0.612609 -6.746468 -7.616874
vn -0.1461 0.9893 -0.0000
vn -0.0000 -0.0000 1.0000
vn -0.9893 -0.1461 -0.0000
vn 0.1461 -0.9893 -0.0000
vn 0.9893 0.1461 -0.0000
vn -0.0000 -0.0000 -1.0000
vt 0.625000 0.500000
vt 0.875000 0.500000
vt 0.875000 0.750000
vt 0.625000 0.750000
vt 0.375000 0.750000
vt 0.625000 1.000000
vt 0.375000 1.000000
vt 0.375000 0.000000
vt 0.625000 0.000000
vt 0.625000 0.250000
vt 0.375000 0.250000
vt 0.125000 0.500000
vt 0.375000 0.500000
vt 0.125000 0.750000
s 0
usemtl Material
f 49/85/37 53/86/37 55/87/37 51/88/37
f 52/89/38 51/88/38 55/90/38 56/91/38
f 56/92/39 55/93/39 53/94/39 54/95/39
f 54/96/40 50/97/40 52/89/40 56/98/40
f 50/97/41 49/85/41 51/88/41 52/89/41
f 54/95/42 53/94/42 49/85/42 50/97/42
o Cube.007
v -0.178050 6.058766 -7.887029
v 1.607618 -6.036530 -7.887029
v -0.178050 6.058766 -5.034755
v 1.607618 -6.036530 -5.034755
v -2.997814 5.642475 -7.887029
v -1.212146 -6.452821 -7.887029
v -2.997814 5.642475 -5.034755
v -1.212146 -6.452821 -5.034755
vn -0.1461 0.9893 -0.0000
vn -0.0000 -0.0000 1.0000
vn -0.9893 -0.1461 -0.0000
vn 0.1461 -0.9893 -0.0000
vn 0.9893 0.1461 -0.0000
vn -0.0000 -0.0000 -1.0000
vt 0.625000 0.500000
vt 0.875000 0.500000
vt 0.875000 0.750000
vt 0.625000 0.750000
vt 0.375000 0.750000
vt 0.625000 1.000000
vt 0.375000 1.000000
vt 0.375000 0.000000
vt 0.625000 0.000000
vt 0.625000 0.250000
vt 0.375000 0.250000
vt 0.125000 0.500000
vt 0.375000 0.500000
vt 0.125000 0.750000
s 0
usemtl Material
f 57/99/43 61/100/43 63/101/43 59/102/43
f 60/103/44 59/102/44 63/104/44 64/105/44
f 64/106/45 63/107/45 61/108/45 62/109/45
f 62/110/46 58/111/46 60/103/46 64/112/46
f 58/111/47 57/99/47 59/102/47 60/103/47
f 62/109/48 61/108/48 57/99/48 58/111/48
o Cube.008
v 0.631888 2.242580 0.606681
v 1.904117 -6.374916 0.606681
v 0.631888 2.242580 3.168725
v 1.904117 -6.374916 3.168725
v -1.884838 1.871027 0.606681
v -0.612609 -6.746468 0.606681
v -1.884838 1.871027 3.168725
v -0.612609 -6.746468 3.168725
vn -0.1461 0.9893 -0.0000
vn -0.0000 -0.0000 1.0000
vn -0.9893 -0.1461 -0.0000
vn 0.1461 -0.9893 -0.0000
vn 0.9893 0.1461 -0.0000
vn -0.0000 -0.0000 -1.0000
vt 0.625000 0.500000
vt 0.875000 0.500000
vt 0.875000 0.750000
vt 0.625000 0.750000
vt 0.375000 0.750000
vt 0.625000 1.000000
vt 0.375000 1.000000
vt 0.375000 0.000000
vt 0.625000 0.000000
vt 0.625000 0.250000
vt 0.375000 0.250000
vt 0.125000 0.500000
vt 0.375000 0.500000
vt 0.125000 0.750000
s 0
usemtl Material
f 65/113/49 69/114/49 71/115/49 67/116/49
f 68/117/50 67/116/50 71/118/50 72/119/50
f 72/120/51 71/121/51 69/122/51 70/123/51
f 70/124/52 66/125/52 68/117/52 72/126/52
f 66/125/53 65/113/53 67/116/53 68/117/53
f 70/123/54 69/122/54 65/113/54 66/125/54
o Cube.009
v -0.600697 3.392322 2.257016
v 2.243199 -8.123325 2.257016
v -0.600697 3.392322 5.477584
v 2.243199 -8.123325 5.477584
v -3.678435 2.632246 2.257016
v -0.834539 -8.883400 2.257016
v -3.678435 2.632246 5.477584
v -0.834539 -8.883400 5.477584
vn -0.2398 0.9708 -0.0000
vn -0.0000 -0.0000 1.0000
vn -0.9708 -0.2398 -0.0000
vn 0.2398 -0.9708 -0.0000
vn 0.9708 0.2398 -0.0000
vn -0.0000 -0.0000 -1.0000
vt 0.625000 0.500000
vt 0.875000 0.500000
vt 0.875000 0.750000
vt 0.625000 0.750000
vt 0.375000 0.750000
vt 0.625000 1.000000
vt 0.375000 1.000000
vt 0.375000 0.000000
vt 0.625000 0.000000
vt 0.625000 0.250000
vt 0.375000 0.250000
vt 0.125000 0.500000
vt 0.375000 0.500000
vt 0.125000 0.750000
s 0
usemtl Material
f 73/127/55 77/128/55 79/129/55 75/130/55
f 76/131/56 75/130/56 79/132/56 80/133/56
f 80/134/57 79/135/57 77/136/57 78/137/57
f 78/138/58 74/139/58 76/131/58 80/140/58
f 74/139/59 73/127/59 75/130/59 76/131/59
f 78/137/60 77/136/60 73/127/60 74/139/60
o Cube.010
v 0.211473 3.374051 8.964293
v 1.204609 -3.352995 8.964293
v 0.211473 3.374051 10.964293
v 1.204609 -3.352995 10.964293
v -1.753151 3.084008 8.964293
v -0.760015 -3.643039 8.964293
v -1.753151 3.084008 10.964293
v -0.760015 -3.643039 10.964293
vn -0.1461 0.9893 -0.0000
vn -0.0000 -0.0000 1.0000
vn -0.9893 -0.1461 -0.0000
vn 0.1461 -0.9893 -0.0000
vn 0.9893 0.1461 -0.0000
vn -0.0000 -0.0000 -1.0000
vt 0.625000 0.500000
vt 0.875000 0.500000
vt 0.875000 0.750000
vt 0.625000 0.750000
vt 0.375000 0.750000
vt 0.625000 1.000000
vt 0.375000 1.000000
vt 0.375000 0.000000
vt 0.625000 0.000000
vt 0.625000 0.250000
vt 0.375000 0.250000
vt 0.125000 0.500000
vt 0.375000 0.500000
vt 0.125000 0.750000
s 0
usemtl Material
f 81/141/61 85/142/61 87/143/61 83/144/61
f 84/145/62 83/144/62 87/146/62 88/147/62
f 88/148/63 87/149/63 85/150/63 86/151/63
f 86/152/64 82/153/64 84/145/64 88/154/64
f 82/153/65 81/141/65 83/144/65 84/145/65
f 86/151/66 85/150/66 81/141/66 82/153/66
o Cube.011
v 1.978264 2.464421 6.535548
v 2.494861 -6.673341 6.535548
v 1.978264 2.464421 9.114112
v 2.494861 -6.673341 9.114112
v -0.578062 2.319901 6.535548
v -0.061465 -6.817861 6.535548
v -0.578062 2.319901 9.114112
v -0.061465 -6.817861 9.114112
vn -0.0564 0.9984 -0.0000
vn -0.0000 -0.0000 1.0000
vn -0.9984 -0.0564 -0.0000
vn 0.0564 -0.9984 -0.0000
vn 0.9984 0.0564 -0.0000
vn -0.0000 -0.0000 -1.0000
vt 0.625000 0.500000
vt 0.875000 0.500000
vt 0.875000 0.750000
vt 0.625000 0.750000
vt 0.375000 0.750000
vt 0.625000 1.000000
vt 0.375000 1.000000
vt 0.375000 0.000000
vt 0.625000 0.000000
vt 0.625000 0.250000
vt 0.375000 0.250000
vt 0.125000 0.500000
vt 0.375000 0.500000
vt 0.125000 0.750000
s 0
usemtl Material
f 89/155/67 93/156/67 95/157/67 91/158/67
f 92/159/68 91/158/68 95/160/68 96/161/68
f 96/162/69 95/163/69 93/164/69 94/165/69
f 94/166/70 90/167/70 92/159/70 96/168/70
f 90/167/71 89/155/71 91/158/71 92/159/71
f 94/165/72 93/164/72 89/155/72 90/167/72
o Cube.012
v 0.196533 4.254606 5.903788
v 1.770655 -6.407773 5.903788
v 0.196533 4.254606 8.140943
v 1.770655 -6.407773 8.140943
v -2.001051 3.930170 5.903788
v -0.426929 -6.732209 5.903788
v -2.001051 3.930170 8.140943
v -0.426929 -6.732209 8.140943
vn -0.1461 0.9893 -0.0000
vn -0.0000 -0.0000 1.0000
vn -0.9893 -0.1461 -0.0000
vn 0.1461 -0.9893 -0.0000
vn 0.9893 0.1461 -0.0000
vn -0.0000 -0.0000 -1.0000
vt 0.625000 0.500000
vt 0.875000 0.500000
vt 0.875000 0.750000
vt 0.625000 0.750000
vt 0.375000 0.750000
vt 0.625000 1.000000
vt 0.375000 1.000000
vt 0.375000 0.000000
vt 0.625000 0.000000
vt 0.625000 0.250000
vt 0.375000 0.250000
vt 0.125000 0.500000
vt 0.375000 0.500000
vt 0.125000 0.750000
s 0
usemtl Material
f 97/169/73 101/170/73 103/171/73 99/172/73
f 100/173/74 99/172/74 103/174/74 104/175/74
f 104/176/75 103/177/75 101/178/75 102/179/75
f 102/180/76 98/181/76 100/173/76 104/182/76
f 98/181/77 97/169/77 99/172/77 100/173/77
f 102/179/78 101/178/78 97/169/78 98/181/78
o Cube.013
v -1.542065 7.442974 0.157743
v 0.652313 -7.420738 0.157743
v -1.542065 7.442974 3.010016
v 0.652313 -7.420738 3.010016
v -4.361829 7.026682 0.157743
v -2.167450 -7.837029 0.157743
v -4.361829 7.026682 3.010016
v -2.167450 -7.837029 3.010016
vn -0.1461 0.9893 -0.0000
vn -0.0000 -0.0000 1.0000
vn -0.9893 -0.1461 -0.0000
vn 0.1461 -0.9893 -0.0000
vn 0.9893 0.1461 -0.0000
vn -0.0000 -0.0000 -1.0000
vt 0.625000 0.500000
vt 0.875000 0.500000
vt 0.875000 0.750000
vt 0.625000 0.750000
vt 0.375000 0.750000
vt 0.625000 1.000000
vt 0.375000 1.000000
vt 0.375000 0.000000
vt 0.625000 0.000000
vt 0.625000 0.250000
vt 0.375000 0.250000
vt 0.125000 0.500000
vt 0.375000 0.500000
vt 0.125000 0.750000
s 0
usemtl Material
f 105/183/79 109/184/79 111/185/79 107/186/79
f 108/187/80 107/186/80 111/188/80 112/189/80
f 112/190/81 111/191/81 109/192/81 110/193/81
f 110/194/82 106/195/82 108/187/82 112/196/82
f 106/195/83 105/183/83 107/186/83 108/187/83
f 110/193/84 109/192/84 105/183/84 106/195/84
o Cube.014
v 1.639109 -0.995108 4.130050
v 1.838898 -6.781090 4.130050
v 1.639109 -0.995108 5.725521
v 1.838898 -6.781090 5.725521
v 0.064678 -1.049472 4.130050
v 0.264467 -6.835455 4.130050
v 0.064678 -1.049472 5.725521
v 0.264467 -6.835455 5.725521
vn -0.0345 0.9994 -0.0000
vn -0.0000 -0.0000 1.0000
vn -0.9994 -0.0345 -0.0000
vn 0.0345 -0.9994 -0.0000
vn 0.9994 0.0345 -0.0000
vn -0.0000 -0.0000 -1.0000
vt 0.625000 0.500000
vt 0.875000 0.500000
vt 0.875000 0.750000
vt 0.625000 0.750000
vt 0.375000 0.750000
vt 0.625000 1.000000
vt 0.375000 1.000000
vt 0.375000 0.000000
vt 0.625000 0.000000
vt 0.625000 0.250000
vt 0.375000 0.250000
vt 0.125000 0.500000
vt 0.375000 0.500000
vt 0.125000 0.750000
s 0
usemtl Material
f 113/197/85 117/198/85 119/199/85 115/200/85
f 116/201/86 115/200/86 119/202/86 120/203/86
f 120/204/87 119/205/87 117/206/87 118/207/87
f 118/208/88 114/209/88 116/201/88 120/210/88
f 114/209/89 113/197/89 115/200/89 116/201/89
f 118/207/90 117/206/90 113/197/90 114/209/90
o Cube.015
v 0.528364 1.331825 5.162134
v 1.521500 -5.395221 5.162134
v 0.528364 1.331825 7.162134
v 1.521500 -5.395221 7.162134
v -1.436260 1.041781 5.162134
v -0.443124 -5.685265 5.162134
v -1.436260 1.041781 7.162134
v -0.443124 -5.685265 7.162134
vn -0.1461 0.9893 -0.0000
vn -0.0000 -0.0000 1.0000
vn -0.9893 -0.1461 -0.0000
vn 0.1461 -0.9893 -0.0000
vn 0.9893 0.1461 -0.0000
vn -0.0000 -0.0000 -1.0000
vt 0.625000 0.500000
vt 0.875000 0.500000
vt 0.875000 0.750000
vt 0.625000 0.750000
vt 0.375000 0.750000
vt 0.625000 1.000000
vt 0.375000 1.000000
vt 0.375000 0.000000
vt 0.625000 0.000000
vt 0.625000 0.250000
vt 0.375000 0.250000
vt 0.125000 0.500000
vt 0.375000 0.500000
vt 0.125000 0.750000
s 0
usemtl Material
f 121/211/91 125/212/91 127/213/91 123/214/91
f 124/215/92 123/214/92 127/216/92 128/217/92
f 128/218/93 127/219/93 125/220/93 126/221/93
f 126/222/94 122/223/94 124/215/94 128/224/94
f 122/223/95 121/211/95 123/214/95 124/215/95
f 126/221/96 125/220/96 121/211/96 122/223/96
o Cube.016
v -0.912011 6.163913 -4.215993
v 1.209218 -8.204318 -4.215993
v -0.912011 6.163913 -1.201285
v 1.209218 -8.204318 -1.201285
v -3.873394 5.726715 -4.215993
v -1.752166 -8.641517 -4.215993
v -3.873394 5.726715 -1.201285
v -1.752166 -8.641517 -1.201285
vn -0.1461 0.9893 -0.0000
vn -0.0000 -0.0000 1.0000
vn -0.9893 -0.1461 -0.0000
vn 0.1461 -0.9893 -0.0000
vn 0.9893 0.1461 -0.0000
vn -0.0000 -0.0000 -1.0000
vt 0.625000 0.500000
vt 0.875000 0.500000
vt 0.875000 0.750000
vt 0.625000 0.750000
vt 0.375000 0.750000
vt 0.625000 1.000000
vt 0.375000 1.000000
vt 0.375000 0.000000
vt 0.625000 0.000000
vt 0.625000 0.250000
vt 0.375000 0.250000
vt 0.125000 0.500000
vt 0.375000 0.500000
vt 0.125000 0.750000
s 0
usemtl Material
f 129/225/97 133/226/97 135/227/97 131/228/97
f 132/229/98 131/228/98 135/230/98 136/231/98
f 136/232/99 135/233/99 133/234/99 134/235/99
f 134/236/100 130/237/100 132/229/100 136/238/100
f 130/237/101 129/225/101 131/228/101 132/229/101
f 134/235/102 133/234/102 129/225/102 130/237/102
o Cube.017
v -1.913882 6.313706 4.790367
v -0.030021 -6.446702 4.790367
v -1.913882 6.313706 6.542201
v -0.030021 -6.446702 6.542201
v -3.682178 6.052646 4.790367
v -1.798318 -6.707761 4.790367
v -3.682178 6.052646 6.542201
v -1.798318 -6.707761 6.542201
vn -0.1461 0.9893 -0.0000
vn -0.0000 -0.0000 1.0000
vn -0.9893 -0.1461 -0.0000
vn 0.1461 -0.9893 -0.0000
vn 0.9893 0.1461 -0.0000
vn -0.0000 -0.0000 -1.0000
vt 0.625000 0.500000
vt 0.875000 0.500000
vt 0.875000 0.750000
vt 0.625000 0.750000
vt 0.375000 0.750000
vt 0.625000 1.000000
vt 0.375000 1.000000
vt 0.375000 0.000000
vt 0.625000 0.000000
vt 0.625000 0.250000
vt 0.375000 0.250000
vt 0.125000 0.500000
vt 0.375000 0.500000
vt 0.125000 0.750000
s 0
usemtl Material
f 137/239/103 141/240/103 143/241/103 139/242/103
f 140/243/104 139/242/104 143/244/104 144/245/104
f 144/246/105 143/247/105 141/248/105 142/249/105
f 142/250/106 138/251/106 140/243/106 144/252/106
f 138/251/107 137/239/107 139/242/107 140/243/107
f 142/249/108 141/248/108 137/239/108 138/251/108
o Cube.018
v 0.157246 5.781845 10.271943
v 1.821308 -5.489745 10.271943
v 0.157246 5.781845 12.271943
v 1.821308 -5.489745 12.271943
v -1.821308 5.489745 10.271943
v -0.157246 -5.781845 10.271943
v -1.821308 5.489745 12.271943
v -0.157246 -5.781845 12.271943
vn -0.1461 0.9893 -0.0000
vn -0.0000 -0.0000 1.0000
vn -0.9893 -0.1461 -0.0000
vn 0.1461 -0.9893 -0.0000
vn 0.9893 0.1461 -0.0000
vn -0.0000 -0.0000 -1.0000
vt 0.625000 0.500000
vt 0.875000 0.500000
vt 0.875000 0.750000
vt 0.625000 0.750000
vt 0.375000 0.750000
vt 0.625000 1.000000
vt 0.375000 1.000000
vt 0.375000 0.000000
vt 0.625000 0.000000
vt 0.625000 0.250000
vt 0.375000 0.250000
vt 0.125000 0.500000
vt 0.375000 0.500000
vt 0.125000 0.750000
s 0
usemtl Material
f 145/253/109 149/254/109 151/255/109 147/256/109
f 148/257/110 147/256/110 151/258/110 152/259/110
f 152/260/111 151/261/111 149/262/111 150/263/111
f 150/264/112 146/265/112 148/257/112 152/266/112
f 146/265/113 145/253/113 147/256/113 148/257/113
f 150/263/114 149/262/114 145/253/114 146/265/114
o Cube.019
v 2.725746 0.915038 11.263747
v 2.976191 -6.337967 11.263747
v 2.725746 0.915038 13.263747
v 2.976191 -6.337967 13.263747
v 0.752122 0.846889 11.263747
v 1.002567 -6.406116 11.263747
v 0.752122 0.846889 13.263747
v 1.002567 -6.406116 13.263747
vn -0.0345 0.9994 -0.0000
vn -0.0000 -0.0000 1.0000
vn -0.9994 -0.0345 -0.0000
vn 0.0345 -0.9994 -0.0000
vn 0.9994 0.0345 -0.0000
vn -0.0000 -0.0000 -1.0000
vt 0.625000 0.500000
vt 0.875000 0.500000
vt 0.875000 0.750000
vt 0.625000 0.750000
vt 0.375000 0.750000
vt 0.625000 1.000000
vt 0.375000 1.000000
vt 0.375000 0.000000
vt 0.625000 0.000000
vt 0.625000 0.250000
vt 0.375000 0.250000
vt 0.125000 0.500000
vt 0.375000 0.500000
vt 0.125000 0.750000
s 0
usemtl Material
f 153/267/115 157/268/115 159/269/115 155/270/115
f 156/271/116 155/270/116 159/272/116 160/273/116
f 160/274/117 159/275/117 157/276/117 158/277/117
f 158/278/118 154/279/118 156/271/118 160/280/118
f 154/279/119 153/267/119 155/270/119 156/271/119
f 158/277/120 157/276/120 153/267/120 154/279/120
o Cube.020
v 1.382544 1.331825 8.656720
v 2.375679 -5.395221 8.656720
v 1.382544 1.331825 10.656720
v 2.375679 -5.395221 10.656720
v -0.582080 1.041781 8.656720
v 0.411056 -5.685265 8.656720
v -0.582080 1.041781 10.656720
v 0.411056 -5.685265 10.656720
vn -0.1461 0.9893 -0.0000
vn -0.0000 -0.0000 1.0000
vn -0.9893 -0.1461 -0.0000
vn 0.1461 -0.9893 -0.0000
vn 0.9893 0.1461 -0.0000
vn -0.0000 -0.0000 -1.0000
vt 0.625000 0.500000
vt 0.875000 0.500000
vt 0.875000 0.750000
vt 0.625000 0.750000
vt 0.375000 0.750000
vt 0.625000 1.000000
vt 0.375000 1.000000
vt 0.375000 0.000000
vt 0.625000 0.000000
vt 0.625000 0.250000
vt 0.375000 0.250000
vt 0.125000 0.500000
vt 0.375000 0.500000
vt 0.125000 0.750000
s 0
usemtl Material
f 161/281/121 165/282/121 167/283/121 163/284/121
f 164/285/122 163/284/122 167/286/122 168/287/122
f 168/288/123 167/289/123 165/290/123 166/291/123
f 166/292/124 162/293/124 164/285/124 168/294/124
f 162/293/125 161/281/125 163/284/125 164/285/125
f 166/291/126 165/290/126 161/281/126 162/293/126
o Cube.021
v 0.631888 2.242580 11.878624
v 1.904117 -6.374916 11.878624
v 0.631888 2.242580 14.440668
v 1.904117 -6.374916 14.440668
v -1.884838 1.871027 11.878624
v -0.612609 -6.746468 11.878624
v -1.884838 1.871027 14.440668
v -0.612609 -6.746468 14.440668
vn -0.1461 0.9893 -0.0000
vn -0.0000 -0.0000 1.0000
vn -0.9893 -0.1461 -0.0000
vn 0.1461 -0.9893 -0.0000
vn 0.9893 0.1461 -0.0000
vn -0.0000 -0.0000 -1.0000
vt 0.625000 0.500000
vt 0.875000 0.500000
vt 0.875000 0.750000
vt 0.625000 0.750000
vt 0.375000 0.750000
vt 0.625000 1.000000
vt 0.375000 1.000000
vt 0.375000 0.000000
vt 0.625000 0.000000
vt 0.625000 0.250000
vt 0.375000 0.250000
vt 0.125000 0.500000
vt 0.375000 0.500000
vt 0.125000 0.750000
s 0
usemtl Material
f 169/295/127 173/296/127 175/297/127 171/298/127
f 172/299/128 171/298/128 175/300/128 176/301/128
f 176/302/129 175/303/129 173/304/129 174/305/129
f 174/306/130 170/307/130 172/299/130 176/308/130
f 170/307/131 169/295/131 171/298/131 172/299/131
f 174/305/132 173/304/132 169/295/132 170/307/132
o Cube.022
v -1.584661 6.799990 2.830348
v 0.310790 -6.038931 2.830348
v -1.584661 6.799990 5.294074
v 0.310790 -6.038931 5.294074
v -4.020306 6.440408 2.830348
v -2.124854 -6.398513 2.830348
v -4.020306 6.440408 5.294074
v -2.124854 -6.398513 5.294074
vn -0.1461 0.9893 -0.0000
vn -0.0000 -0.0000 1.0000
vn -0.9893 -0.1461 -0.0000
vn 0.1461 -0.9893 -0.0000
vn 0.9893 0.1461 -0.0000
vn -0.0000 -0.0000 -1.0000
vt 0.625000 0.500000
vt 0.875000 0.500000
vt 0.875000 0.750000
vt 0.625000 0.750000
vt 0.375000 0.750000
vt 0.625000 1.000000
vt 0.375000 1.000000
vt 0.375000 0.000000
vt 0.625000 0.000000
vt 0.625000 0.250000
vt 0.375000 0.250000
vt 0.125000 0.500000
vt 0.375000 0.500000
vt 0.125000 0.750000
s 0
usemtl Material
f 177/309/133 181/310/133 183/311/133 179/312/133
f 180/313/134 179/312/134 183/314/134 184/315/134
f 184/316/135 183/317/135 181/318/135 182/319/135
f 182/320/136 178/321/136 180/313/136 184/322/136
f 178/321/137 177/309/137 179/312/137 180/313/137
f 182/319/138 181/318/138 177/309/138 178/321/138
o Cube.023
v -0.912011 6.163913 7.055950
v 1.209218 -8.204318 7.055950
v -0.912011 6.163913 10.070658
v 1.209218 -8.204318 10.070658
v -3.873394 5.726715 7.055950
v -1.752166 -8.641517 7.055950
v -3.873394 5.726715 10.070658
v -1.752166 -8.641517 10.070658
vn -0.1461 0.9893 -0.0000
vn -0.0000 -0.0000 1.0000
vn -0.9893 -0.1461 -0.0000
vn 0.1461 -0.9893 -0.0000
vn 0.9893 0.1461 -0.0000
vn -0.0000 -0.0000 -1.0000
vt 0.625000 0.500000
vt 0.875000 0.500000
vt 0.875000 0.750000
vt 0.625000 0.750000
vt 0.375000 0.750000
vt 0.625000 1.000000
vt 0.375000 1.000000
vt 0.375000 0.000000
vt 0.625000 0.000000
vt 0.625000 0.250000
vt 0.375000 0.250000
vt 0.125000 0.500000
vt 0.375000 0.500000
vt 0.125000 0.750000
s 0
usemtl Material
f 185/323/139 189/324/139 191/325/139 187/326/139
f 188/327/140 187/326/140 191/328/140 192/329/140
f 192/330/141 191/331/141 189/332/141 190/333/141
f 190/334/142 186/335/142 188/327/142 192/336/142
f 186/335/143 185/323/143 187/326/143 188/327/143
f 190/333/144 189/332/144 185/323/144 186/335/144
